chr strand start end
1 + 11532 18371
1 + 19169 22185
1 + 30054 30929
1 + 42889 45238
1 + 68669 70988
1 + 126928 129139
1 + 154024 154777
1 + 223195 224006
1 + 227574 229274
2 + 10844 13934
2 + 46581 47639
2 + 84414 87879
2 + 87991 89090
2 + 151320 153709
2 + 164478 164965
2 + 191936 192402
2 + 238459 241294
2 + 251558 252396
2 + 254614 255009
2 + 292276 294022
2 + 296269 298017
2 + 306183 307423
2 + 310586 311453
2 + 321692 325957
2 + 337194 338904
2 + 339507 340792
2 + 340962 342781
2 + 360583 361611
2 + 365874 366623
2 + 369903 370908
2 + 371275 373602
2 + 376368 376505
2 + 379100 380221
2 + 381329 382832
2 + 423482 423752
2 + 426982 427503
2 + 429395 431789
2 + 444977 447533
2 + 453580 454780
2 + 460622 462083
2 + 474297 476987
2 + 483684 486932
2 + 488803 490473
2 + 493062 494334
2 + 532474 533244
2 + 541622 544082
2 + 571397 573816
2 + 573901 576118
2 + 576281 578048
2 + 581576 582368
2 + 586500 589077
2 + 593197 595546
2 + 614350 618547
2 + 625306 625687
2 + 666617 668526
2 + 697856 700097
2 + 700422 701906
2 + 706928 707459
2 + 714671 716695
2 + 734794 736203
2 + 742785 743790
2 + 768799 770874
2 + 772632 773767
2 + 784900 786455
2 + 807370 808331
2 + 809949 812404
3 + 11516 12255
3 + 39033 39529
3 + 68676 70095
3 + 75929 78027
3 + 114654 115661
3 + 116414 118032
3 + 120056 120829
3 + 125222 126059
3 + 132242 132701
3 + 139223 142481
3 + 151897 152571
3 + 158502 160349
3 + 160624 161985
3 + 163216 166713
3 + 172783 173532
3 + 177059 177887
3 + 179031 179398
3 + 197441 199409
3 + 223481 224176
4 + 6693 10618
4 + 34174 36779
4 + 57014 60567
4 + 63467 64964
4 + 68976 72515
4 + 73555 77904
4 + 79577 83356
4 + 83947 86039
4 + 104819 107067
4 + 163422 164092
4 + 238896 239672
4 + 264397 266707
4 + 272176 276555
4 + 310405 312855
4 + 312859 314150
4 + 315185 316852
4 + 320418 321573
4 + 322672 323521
4 + 333136 334802
4 + 344362 345592
4 + 357317 359351
4 + 387078 390352
4 + 392470 393897
4 + 393979 394150
4 + 407449 408034
4 + 417254 421700
4 + 421937 422525
4 + 422586 423614
4 + 482606 484044
4 + 485638 486690
4 + 501780 503225
4 + 506338 507810
4 + 512492 513363
4 + 521275 521734
4 + 542524 544473
4 + 544786 545818
4 + 556722 558174
4 + 562984 563455
4 + 588005 589328
4 + 614207 616250
4 + 616539 618419
4 + 680490 681745
4 + 699733 701833
4 + 715535 716781
4 + 718620 720415
4 + 727794 728156
4 + 744191 746159
4 + 794472 796127
4 + 831787 832655
4 + 854175 856283
4 + 926526 927062
4 + 941018 943560
4 + 963333 964739
4 + 974581 980150
4 + 1013839 1016977
4 + 1022591 1023159
4 + 1030494 1033379
4 + 1049687 1050933
4 + 1059078 1059567
4 + 1072748 1075152
4 + 1090344 1093743
4 + 1106066 1108512
4 + 1112504 1116612
4 + 1149666 1150727
4 + 1153824 1156250
4 + 1159556 1161399
4 + 1165364 1168837
4 + 1174466 1175607
4 + 1195226 1196848
4 + 1215016 1216822
4 + 1239987 1241096
4 + 1242729 1243158
4 + 1288186 1289216
4 + 1292428 1294291
4 + 1296926 1298350
4 + 1302203 1302694
4 + 1319425 1320944
4 + 1325456 1328461
4 + 1359112 1359871
4 + 1365064 1366857
4 + 1367008 1367429
4 + 1402897 1404582
4 + 1406057 1408864
4 + 1408910 1411997
4 + 1427361 1429053
4 + 1445771 1447031
4 + 1454911 1455847
4 + 1455999 1459361
4 + 1459755 1461696
4 + 1483659 1485539
4 + 1493413 1494267
4 + 1496730 1498160
4 + 1500705 1502461
4 + 1502640 1505003
5 + 9953 11392
5 + 11527 11885
5 + 34039 34398
5 + 39872 42059
5 + 45148 45968
5 + 53864 56255
5 + 61087 62171
5 + 65381 67013
5 + 85173 85582
5 + 140578 141641
5 + 150258 151151
5 + 228382 229708
5 + 237462 238141
5 + 238297 241800
5 + 258279 260619
5 + 261941 266391
5 + 270628 271590
5 + 313980 316638
5 + 316673 318841
5 + 343580 347654
5 + 347765 349360
5 + 353721 354390
5 + 377966 378669
5 + 394276 396576
5 + 399400 400848
5 + 422022 423497
5 + 424680 429899
5 + 449552 451508
5 + 460480 461840
5 + 462972 465027
5 + 467701 468940
5 + 483284 484767
5 + 498387 500340
5 + 500611 503664
5 + 504001 505058
5 + 559098 560403
5 + 560639 562622
5 + 562938 563901
6 + 16433 20073
6 + 28120 32831
6 + 36214 36776
6 + 44544 46251
6 + 46372 48937
6 + 69021 74671
6 + 79229 80235
6 + 80401 82069
6 + 97973 98771
6 + 107198 107738
6 + 110166 110620
6 + 114826 115674
6 + 118784 119353
6 + 134572 135558
6 + 166648 167210
6 + 172431 173699
6 + 173701 176489
6 + 203648 204866
6 + 205616 207092
6 + 225702 226609
6 + 241593 241969
6 + 244272 245881
6 + 259364 260508
7 + 27773 29032
7 + 30306 31834
7 + 63757 64419
7 + 74452 76790
7 + 79083 79852
7 + 81294 82422
7 + 153013 154840
7 + 166227 167777
7 + 173181 174520
7 + 228741 230121
7 + 269303 270059
7 + 280772 281421
7 + 286097 287003
7 + 303606 304347
7 + 316778 317297
7 + 320008 320520
7 + 345808 345965
7 + 345978 347165
7 + 366785 368360
7 + 382102 383414
7 + 422136 422921
7 + 433505 435091
7 + 443568 446353
7 + 471968 472812
7 + 478961 479265
7 + 483934 485312
7 + 490744 492291
7 + 498176 500080
7 + 521099 522062
7 + 545123 546342
7 + 567729 568579
7 + 574665 575145
7 + 584491 584771
7 + 605736 606078
7 + 609410 610473
7 + 616296 618102
7 + 618122 619177
7 + 620239 621885
7 + 627269 631386
7 + 637062 639631
7 + 647052 648237
7 + 651269 653180
7 + 654338 656363
7 + 678122 678433
7 + 700080 700447
7 + 701748 703371
7 + 733198 733784
7 + 766879 767451
7 + 794621 795619
7 + 795865 798488
7 + 834924 836127
7 + 848587 850878
7 + 850900 854865
7 + 859814 862544
7 + 871949 875046
7 + 884474 886709
7 + 913454 915132
7 + 942646 944865
7 + 962318 965716
7 + 968800 970675
7 + 974960 976766
7 + 978328 979877
7 + 994279 995082
7 + 1000686 1000834
7 + 1007647 1008475
7 + 1016936 1017875
7 + 1017881 1019542
7 + 1026128 1026876
7 + 1038727 1039466
7 + 1059037 1060293
7 + 1060293 1061706
7 + 1061705 1063112
7 + 1063735 1064810
7 + 1065472 1066564
7 + 1078612 1080262
7 + 1082769 1083695
8 + 4821 5151
8 + 6388 7674
8 + 18242 21709
8 + 62953 64257
8 + 64442 66013
8 + 67664 69646
8 + 81885 84588
8 + 98337 98939
8 + 115407 116495
8 + 121891 124020
8 + 131731 132887
8 + 136683 138693
8 + 151020 151597
8 + 164940 167512
8 + 167615 168665
8 + 168752 170428
8 + 170703 173212
8 + 187139 187892
8 + 193088 193642
8 + 198591 201365
8 + 201620 204539
8 + 218908 220049
8 + 222858 225192
8 + 284854 286995
8 + 286995 288324
8 + 288429 289049
8 + 289790 290909
8 + 293714 296702
8 + 314222 315806
8 + 362985 365042
8 + 377960 381332
8 + 381544 382587
8 + 411083 413364
8 + 437229 439124
8 + 456039 456560
8 + 461757 462400
8 + 501257 504234
8 + 522181 522945
8 + 549770 551653
8 + 554155 556194
9 + 40198 41518
9 + 53905 55172
9 + 96853 98494
9 + 99955 102283
9 + 136279 138210
9 + 187960 191094
9 + 202250 205249
9 + 232990 235491
9 + 243856 245849
9 + 257671 258768
9 + 274062 274971
9 + 275094 276431
9 + 289249 290206
9 + 290209 292290
9 + 331106 333743
9 + 357031 359198
9 + 393037 396995
9 + 415027 415975
9 + 425441 426362
9 + 432469 433938
10 + 41281 43889
10 + 47656 50084
10 + 73747 74798
10 + 82120 83056
10 + 87796 88705
10 + 90513 90715
10 + 99632 101047
10 + 101071 102092
10 + 109771 113394
10 + 116679 118940
10 + 123738 126454
10 + 126673 129071
10 + 129169 130692
10 + 134200 137115
10 + 152371 153119
10 + 154929 156499
10 + 173566 175481
10 + 180481 185538
10 + 186878 187942
10 + 254653 256832
10 + 299152 300633
10 + 314103 314987
10 + 315661 316699
10 + 329055 330309
10 + 337946 338214
10 + 349198 352345
10 + 358300 361204
10 + 380272 380973
10 + 386371 387366
10 + 413628 414226
10 + 432142 432476
10 + 445403 445852
10 + 457922 458940
10 + 466479 467167
10 + 467200 468569
10 + 468571 469341
10 + 471101 472482
10 + 486495 490807
10 + 492415 496505
10 + 524852 526174
10 + 570872 573005
10 + 577068 578137
10 + 581766 583557
10 + 604492 605826
10 + 613186 615484
10 + 620566 622541
10 + 628849 633004
10 + 640636 641791
10 + 644159 646404
10 + 663738 667101
10 + 678882 683758
10 + 717065 718160
10 + 721635 724050
10 + 728601 729854
11 + 8070 11444
11 + 11595 13376
11 + 13583 14533
11 + 30896 31893
11 + 38644 42334
11 + 45055 46560
11 + 66491 67840
11 + 69669 74346
11 + 87327 89189
11 + 115093 118243
11 + 133639 134116
11 + 134347 136034
11 + 136165 136775
11 + 136944 137913
11 + 145867 146841
11 + 153749 154956
11 + 164903 166503
11 + 185129 185897
11 + 188969 190652
11 + 191677 192678
11 + 200442 202674
11 + 223215 226159
11 + 246045 248529
11 + 255676 256672
11 + 269644 271527
11 + 328088 329755
11 + 335125 336362
11 + 342862 346714
11 + 364593 369351
11 + 382680 384830
11 + 389161 391593
11 + 420249 421428
11 + 446837 447744
11 + 448961 450547
11 + 454858 457161
11 + 476040 479063
11 + 489904 490450
11 + 510769 511300
11 + 514130 514998
11 + 533931 535569
11 + 535619 536615
11 + 566094 567772
11 + 576252 578484
11 + 581463 582176
11 + 604385 605593
11 + 605603 608397
11 + 613702 615481
12 + 22041 23476
12 + 26100 27232
12 + 39727 40473
12 + 46659 47504
12 + 65837 66842
12 + 97815 100472
12 + 151077 153916
12 + 157961 159953
12 + 168689 170025
12 + 185030 187382
12 + 187601 193325
12 + 196795 198578
12 + 198743 199806
12 + 203248 204099
12 + 203250 204097
12 + 204103 204734
12 + 212240 214785
12 + 220978 222069
12 + 223959 225262
12 + 225439 228403
12 + 229912 230641
12 + 231343 231940
12 + 237985 241547
12 + 245554 246323
12 + 248768 251781
12 + 259709 260931
12 + 274094 275313
12 + 281889 282877
12 + 300680 302119
12 + 323303 326379
12 + 337488 339649
12 + 339692 341252
12 + 373359 374030
12 + 388560 390423
12 + 395805 397480
12 + 404508 407003
12 + 410446 412540
12 + 415745 418130
12 + 437612 439931
12 + 448007 449011
12 + 449738 450802
12 + 493480 494451
12 + 498219 498843
12 + 500540 501108
12 + 501172 502343
12 + 540754 541781
12 + 541964 543615
12 + 566527 568433
12 + 573413 573961
12 + 578124 579055
12 + 591325 592121
12 + 604224 604956
12 + 605600 607202
12 + 626441 628261
12 + 645292 645820
12 + 669182 669846
12 + 674206 675372
12 + 697130 699520
12 + 710741 712372
12 + 713434 714922
12 + 719641 720566
12 + 721716 722959
12 + 738111 743826
12 + 757334 758792
12 + 778055 779136
12 + 795444 796411
12 + 826800 827948
12 + 839718 841067
12 + 849240 849521
12 + 873727 874970
12 + 877652 878188
12 + 892980 893570
12 + 899180 903463
12 + 910216 913043
12 + 915034 917162
12 + 971891 973359
12 + 1002256 1002899
12 + 1011542 1012206
12 + 1026761 1028368
12 + 1041748 1043035
13 + 13470 14693
13 + 14989 16989
13 + 30138 30528
13 + 42017 43970
13 + 58859 59741
13 + 87057 88451
13 + 100094 101169
13 + 119457 120077
13 + 129741 131834
13 + 165497 168459
13 + 204429 206094
13 + 207090 208941
13 + 242005 243152
13 + 303074 305859
13 + 306290 307476
13 + 316994 318663
13 + 330432 331997
13 + 343717 347044
13 + 348581 349919
13 + 349944 350898
13 + 370759 372048
13 + 378638 379225
13 + 379396 379583
13 + 405720 406279
13 + 431789 433228
13 + 433749 434668
13 + 445500 448203
13 + 451581 453861
13 + 460731 463267
13 + 465009 465425
13 + 472859 475570
13 + 475702 477895
13 + 477916 480205
13 + 493872 494939
13 + 501074 501845
13 + 509651 510417
13 + 522203 522878
13 + 534917 535902
13 + 557485 559126
13 + 570469 571027
13 + 571260 572194
13 + 584286 586553
13 + 589861 592868
13 + 592869 594839
13 + 599285 601011
13 + 601375 603698
13 + 610420 611122
13 + 626148 627860
13 + 636203 636995
13 + 652276 653934
13 + 654961 656218
13 + 666006 666983
13 + 675458 675634
13 + 715656 716493
13 + 731452 732122
13 + 748218 750047
13 + 758454 758908
13 + 763348 764293
13 + 784499 786754
13 + 806696 808051
13 + 814328 815630
13 + 835331 837183
13 + 861451 861852
13 + 867534 870046
13 + 896947 897546
13 + 915454 917161
13 + 918511 920039
14 + 16391 17774
14 + 19563 23533
14 + 51867 52605
14 + 89075 89430
14 + 145486 146904
14 + 157476 160312
14 + 160633 164231
14 + 168051 169646
14 + 172510 174549
14 + 174876 175557
14 + 198457 200491
14 + 217704 218782
14 + 220629 222701
14 + 227230 228899
14 + 234028 234327
14 + 246443 247390
14 + 258416 259329
14 + 270164 271493
14 + 271934 274296
14 + 301281 302567
14 + 307357 308955
14 + 308959 310164
14 + 318587 321775
14 + 326680 330297
14 + 335299 336489
14 + 337995 339557
14 + 348733 349873
14 + 350035 350834
14 + 373949 375238
14 + 381048 382380
14 + 417718 419009
14 + 441347 442647
14 + 444759 447063
14 + 488326 490190
14 + 500394 500927
14 + 535175 537862
14 + 585531 588240
14 + 588248 591432
14 + 614599 615850
14 + 691682 692912
14 + 723394 724494
14 + 730825 731261
14 + 739580 742172
14 + 759769 762821
14 + 762987 764052
15 + 1913 2605
15 + 8843 9200
15 + 9448 10775
15 + 15751 17118
15 + 21773 22501
15 + 31664 33806
15 + 33808 35500
15 + 38803 39801
15 + 47825 48575
15 + 69330 70280
15 + 78270 79581
15 + 85437 86665
15 + 89873 91502
15 + 96647 99686
15 + 116356 117721
15 + 136387 138322
15 + 153821 154634
15 + 170301 170732
15 + 191816 193836
15 + 202703 204520
15 + 204587 205944
15 + 216634 217040
15 + 234191 234762
15 + 259335 259891
15 + 267819 268134
15 + 309343 310163
15 + 312922 314008
15 + 315824 316482
15 + 335817 337439
15 + 342862 344780
15 + 345091 345902
15 + 348739 349280
15 + 383571 384719
15 + 385128 386650
15 + 392134 394582
15 + 394801 400144
15 + 418118 421876
15 + 421912 422413
15 + 424787 426218
15 + 426545 427363
15 + 427533 429140
15 + 436942 438471
15 + 446062 446823
15 + 458171 461462
15 + 462617 463965
15 + 483189 486857
15 + 548795 550330
15 + 550482 552592
15 + 553142 554806
15 + 554831 558804
15 + 564473 566118
15 + 566697 569505
15 + 569824 571809
15 + 572176 573072
15 + 578244 580152
15 + 584264 586657
15 + 608713 609827
15 + 611543 611899
15 + 617166 618673
15 + 642321 642695
15 + 665594 666306
15 + 672632 673966
15 + 674122 675108
15 + 720394 721870
15 + 762400 766740
15 + 802515 803615
15 + 825190 828016
15 + 832321 834342
15 + 842405 843808
15 + 844888 845892
15 + 878084 878304
15 + 930670 931747
15 + 958305 959052
15 + 960438 960716
15 + 968703 970317
15 + 979454 980275
15 + 994991 996959
15 + 1001075 1003364
15 + 1018975 1019926
15 + 1023444 1025649
15 + 1031529 1034543
15 + 1043580 1044714
15 + 1064604 1065019
15 + 1078540 1079268
15 + 1079559 1080229
16 + 14616 14956
16 + 28601 29934
16 + 40721 40943
16 + 46708 47154
16 + 52940 53478
16 + 76656 79585
16 + 84467 85532
16 + 90566 95207
16 + 95434 96369
16 + 101506 102993
16 + 143357 147387
16 + 162609 163710
16 + 169630 173070
16 + 183442 184638
16 + 194517 195663
16 + 215176 218429
16 + 226061 227529
16 + 239377 241740
16 + 244289 246148
16 + 252024 254462
16 + 257147 260985
16 + 308567 309767
16 + 319092 322052
16 + 324063 326409
16 + 335878 337418
16 + 345066 348310
16 + 352580 355377
16 + 373609 375452
16 + 396990 398401
16 + 404911 406233
16 + 409057 412068
16 + 439333 442963
16 + 453626 455546
16 + 463941 464172
16 + 475167 476816
16 + 491943 493069
16 + 503226 506371
16 + 544034 544515
16 + 565275 566795
16 + 567082 569205
16 + 582994 584618
16 + 586473 590604
16 + 607527 609169
16 + 646427 647235
16 + 664927 667464
16 + 675870 676933
16 + 697098 698498
16 + 702130 704558
16 + 719580 720608
16 + 728959 729754
16 + 821737 822557
16 + 825396 826791
16 + 826797 828134
16 + 831028 831832
16 + 833113 833598
16 + 835541 837500
16 + 866666 868263
16 + 876341 877717
16 + 887986 888949
16 + 903341 906737
16 + 936404 938033
16 + 939163 939847
1 - 10396 11184
1 - 11491 16845
1 - 28908 31003
1 - 31418 36376
1 - 31418 37244
1 - 92583 94329
1 - 128113 130469
1 - 135788 136710
1 - 137135 137473
1 - 184867 189089
1 - 214996 223083
1 - 223948 225015
2 - 40766 43107
2 - 47283 49434
2 - 89927 92212
2 - 146055 146952
2 - 170205 171275
2 - 184251 185892
2 - 278835 280928
2 - 288270 290278
2 - 297894 299899
2 - 339606 341738
2 - 342042 344355
2 - 347781 350775
2 - 390110 392535
2 - 407292 408571
2 - 438476 441311
2 - 447398 449339
2 - 510563 512862
2 - 532496 533440
2 - 533653 534996
2 - 538985 539717
2 - 546005 547497
2 - 549128 549599
2 - 553400 555273
2 - 593195 595673
2 - 597753 598497
2 - 651231 653217
2 - 786248 786859
2 - 799370 800357
2 - 804942 807174
3 - 74554 75351
3 - 106888 107820
3 - 111806 114222
3 - 124440 125022
3 - 125037 125352
3 - 151759 152577
3 - 155970 158082
3 - 180078 186085
3 - 237002 238709
3 - 252816 254207
3 - 254443 259294
3 - 310092 315264
4 - 18678 19929
4 - 21560 22450
4 - 30486 32069
4 - 65044 65949
4 - 98140 99372
4 - 114608 116091
4 - 125385 126532
4 - 130760 132742
4 - 132904 135546
4 - 135817 139415
4 - 172418 174828
4 - 174911 179860
4 - 212521 217234
4 - 227317 229468
4 - 230572 234478
4 - 234569 235948
4 - 240225 241265
4 - 246541 248019
4 - 267657 269567
4 - 272089 273622
4 - 302349 304853
4 - 322713 323670
4 - 350990 352639
4 - 364847 366145
4 - 366655 368376
4 - 413863 414778
4 - 443014 444254
4 - 454035 455068
4 - 462695 464978
4 - 470579 471516
4 - 473172 473896
4 - 505383 507797
4 - 524789 525109
4 - 540462 541871
4 - 562521 562872
4 - 576109 579122
4 - 598396 599663
4 - 620808 621739
4 - 628777 630681
4 - 630891 636156
4 - 666964 667925
4 - 686022 690518
4 - 703357 704220
4 - 750945 751360
4 - 769465 770202
4 - 784264 784691
4 - 789279 790168
4 - 810591 811704
4 - 819418 820968
4 - 829073 830260
4 - 859196 861529
4 - 867817 870638
4 - 888897 892476
4 - 1003607 1005334
4 - 1009040 1011510
4 - 1018121 1020401
4 - 1031696 1032208
4 - 1032244 1033376
4 - 1035597 1037015
4 - 1102104 1104916
4 - 1142033 1146096
4 - 1164687 1166571
4 - 1181303 1183307
4 - 1212788 1214980
4 - 1226560 1228308
4 - 1259768 1261399
4 - 1267369 1269702
4 - 1272100 1273697
4 - 1274548 1276342
4 - 1279106 1279949
4 - 1298202 1301027
4 - 1311671 1312645
4 - 1321353 1321976
4 - 1334563 1337114
4 - 1436054 1436704
4 - 1474909 1477063
4 - 1478509 1480318
4 - 1490245 1493167
4 - 1507845 1509793
4 - 1509791 1511837
4 - 1513791 1514653
5 - 6546 7709
5 - 15294 16079
5 - 51627 53348
5 - 57910 59289
5 - 75819 77700
5 - 86948 90032
5 - 93942 96083
5 - 97884 99499
5 - 111405 115917
5 - 116086 117579
5 - 131968 135311
5 - 146791 147975
5 - 153512 156551
5 - 159176 162478
5 - 166951 167575
5 - 177733 178577
5 - 201157 205013
5 - 210643 211988
5 - 222401 223177
5 - 233095 234848
5 - 250605 251546
5 - 271367 279680
5 - 280878 282448
5 - 291787 292694
5 - 293006 294994
5 - 298778 303424
5 - 318527 321913
5 - 322287 324223
5 - 330685 332271
5 - 363853 364444
5 - 415667 416539
5 - 431788 432856
5 - 451472 453203
5 - 512440 517525
5 - 523032 526779
5 - 540437 545100
5 - 548202 549324
5 - 552359 553280
5 - 565511 567614
6 - 5783 6234
6 - 28198 32589
6 - 118513 119161
6 - 125784 131626
6 - 149026 149778
6 - 158205 160370
6 - 193758 196399
6 - 245188 245938
6 - 251851 252283
6 - 257547 259223
6 - 262478 263898
7 - 7373 8113
7 - 9259 10224
7 - 18181 20538
7 - 20761 23537
7 - 31770 35503
7 - 35541 36843
7 - 53710 56190
7 - 56443 58963
7 - 84420 87345
7 - 93762 94688
7 - 94688 95486
7 - 97043 98637
7 - 107748 110645
7 - 123355 124287
7 - 126359 131314
7 - 156217 157620
7 - 159439 163005
7 - 163328 165186
7 - 166822 167545
7 - 206362 208578
7 - 209098 213772
7 - 215160 217294
7 - 255359 257284
7 - 257563 258825
7 - 276733 277111
7 - 286145 287186
7 - 287694 289416
7 - 289415 291886
7 - 291988 293112
7 - 306322 307161
7 - 321675 323402
7 - 334697 337667
7 - 345192 345741
7 - 352357 355662
7 - 357359 358401
7 - 366218 366652
7 - 368341 371227
7 - 374854 377248
7 - 385207 388833
7 - 389860 393789
7 - 402120 404637
7 - 411307 412235
7 - 439726 440640
7 - 452145 454628
7 - 459697 461444
7 - 482926 485468
7 - 505897 506803
7 - 511048 513043
7 - 513091 516518
7 - 522663 526720
7 - 534512 535238
7 - 535432 535783
7 - 542055 544487
7 - 546197 547953
7 - 574679 576865
7 - 606041 607135
7 - 607400 609104
7 - 651452 653338
7 - 653531 654237
7 - 654497 656441
7 - 666100 667815
7 - 670214 671936
7 - 676519 677593
7 - 690062 693151
7 - 701181 702719
7 - 715914 717202
7 - 717220 720135
7 - 731314 733530
7 - 745587 746582
7 - 759021 762258
7 - 767018 770338
7 - 770338 771979
7 - 795648 798230
7 - 800459 801924
7 - 810146 810917
7 - 879177 880025
7 - 892445 894373
7 - 904801 904960
7 - 909061 910237
7 - 918215 919961
7 - 958421 959405
7 - 973958 974507
7 - 995148 996670
7 - 1065518 1066723
7 - 1076513 1078412
8 - 7954 11026
8 - 15943 17312
8 - 53124 55907
8 - 69568 70091
8 - 116783 117633
8 - 127580 129341
8 - 147023 147723
8 - 150472 151309
8 - 178479 181870
8 - 193935 195272
8 - 207268 209294
8 - 219910 221041
8 - 229088 231853
8 - 238081 238889
8 - 241533 242321
8 - 272419 273825
8 - 276807 281253
8 - 293938 296594
8 - 323233 325496
8 - 330091 332875
8 - 352024 354611
8 - 360787 361861
8 - 375027 375315
8 - 380426 381387
8 - 405840 406841
8 - 407072 410844
8 - 439283 441962
8 - 447552 450744
8 - 453822 455589
8 - 458850 462144
8 - 467266 470576
8 - 483885 484667
8 - 486755 487570
8 - 501321 504220
8 - 516534 517302
8 - 518785 520264
8 - 530488 532224
8 - 532509 533548
8 - 535759 540875
8 - 550573 551484
9 - 14339 16451
9 - 19352 21845
9 - 41776 44132
9 - 44309 45919
9 - 47563 47972
9 - 51419 53863
9 - 83367 84911
9 - 122475 127760
9 - 127982 129898
9 - 132115 134496
9 - 134570 136228
9 - 150004 151344
9 - 153549 155910
9 - 164967 165925
9 - 175280 177411
9 - 259136 259930
9 - 260443 260922
9 - 276494 278406
9 - 322005 323798
9 - 336653 338486
9 - 348851 350074
9 - 360580 362961
9 - 378308 379814
9 - 379833 382255
9 - 398200 399569
9 - 408380 410707
10 - 21270 22794
10 - 28616 31153
10 - 53195 54123
10 - 60689 63585
10 - 69261 71216
10 - 79401 79984
10 - 85747 87500
10 - 96665 97473
10 - 97474 99473
10 - 116595 119827
10 - 136846 140103
10 - 142642 143023
10 - 143108 144909
10 - 145126 146841
10 - 165585 173068
10 - 180336 181298
10 - 224149 227091
10 - 227419 228472
10 - 236498 237130
10 - 239062 241662
10 - 265762 268411
10 - 278135 280858
10 - 317981 319802
10 - 319952 323145
10 - 333153 334207
10 - 335940 337777
10 - 348660 349417
10 - 355815 358078
10 - 378783 381097
10 - 391798 393671
10 - 402627 405135
10 - 405249 407396
10 - 448862 450694
10 - 456245 457840
10 - 460229 462529
10 - 472047 472487
10 - 503863 507517
10 - 528500 529720
10 - 533600 535765
10 - 545503 548395
10 - 559363 567456
10 - 605958 607428
10 - 609507 612264
10 - 619985 620344
10 - 620722 622481
10 - 624704 628724
10 - 639842 640412
10 - 649335 651300
10 - 703118 705384
10 - 721294 724205
10 - 735175 739092
11 - 17109 18477
11 - 24152 24939
11 - 38223 38595
11 - 94035 96361
11 - 98373 99768
11 - 114806 115308
11 - 124470 125519
11 - 125765 130324
11 - 155206 158388
11 - 164402 164657
11 - 205626 207886
11 - 213458 216731
11 - 230019 230958
11 - 231988 234137
11 - 245564 245968
11 - 259617 260572
11 - 260773 261980
11 - 270704 271823
11 - 273229 275080
11 - 278949 280394
11 - 284776 286395
11 - 288819 291217
11 - 296225 299150
11 - 307074 308019
11 - 352845 353440
11 - 361894 362375
11 - 371574 374172
11 - 385352 387288
11 - 429368 431337
11 - 442934 444981
11 - 451242 451991
11 - 491304 493659
11 - 513485 514495
11 - 552402 554699
11 - 556296 559356
11 - 581342 583408
11 - 608781 611259
11 - 625610 626501
11 - 630766 632038
11 - 650001 650322
12 - 48745 49639
12 - 87240 88297
12 - 93021 95181
12 - 114536 116131
12 - 147890 150678
12 - 204857 208520
12 - 264101 265319
12 - 321095 323137
12 - 339686 341652
12 - 346967 348712
12 - 412838 415744
12 - 434527 437105
12 - 502562 504082
12 - 504321 505828
12 - 528211 530596
12 - 543922 545819
12 - 574071 576416
12 - 633349 634019
12 - 641353 642379
12 - 657336 658087
12 - 670060 672817
12 - 678092 680057
12 - 725657 728279
12 - 784631 787407
12 - 787716 789847
12 - 793131 793905
12 - 794019 794698
12 - 806837 808865
12 - 830386 830794
12 - 830957 833676
12 - 853253 855589
12 - 863555 866900
12 - 906474 906906
12 - 928308 929606
12 - 937354 941039
12 - 947123 948146
12 - 948348 950153
12 - 987195 990748
12 - 1033444 1035827
12 - 1043023 1043637
13 - 31802 37822
13 - 45907 46592
13 - 51072 54579
13 - 82146 82896
13 - 91365 94215
13 - 108544 110873
13 - 110920 111718
13 - 164379 165369
13 - 217074 219863
13 - 244102 245995
13 - 271517 271922
13 - 283000 284715
13 - 307754 308908
13 - 311251 312038
13 - 314809 316819
13 - 335163 337540
13 - 396759 399682
13 - 404133 407563
13 - 433091 434347
13 - 448323 449041
13 - 455779 457979
13 - 472713 475507
13 - 510404 510674
13 - 511865 513429
13 - 536040 537263
13 - 545044 545747
13 - 559707 560721
13 - 575121 577507
13 - 627906 628762
13 - 645412 646823
13 - 648899 649846
13 - 649864 650974
13 - 651177 651994
13 - 654934 656117
13 - 659476 661650
13 - 687388 688876
13 - 744856 746058
13 - 761586 763113
13 - 768886 770535
13 - 772765 773998
13 - 793604 794779
13 - 794826 795712
13 - 806719 808117
13 - 880414 886511
13 - 901462 903758
13 - 903826 905861
13 - 914648 915298
14 - 66131 68428
14 - 80486 82623
14 - 86059 87357
14 - 89368 89927
14 - 95123 96059
14 - 107117 108222
14 - 110626 112897
14 - 112948 116549
14 - 151315 154961
14 - 183053 185271
14 - 191184 195097
14 - 200018 201977
14 - 228192 230663
14 - 237849 240076
14 - 240113 241346
14 - 250566 251757
14 - 274280 276077
14 - 280199 281622
14 - 300898 301361
14 - 330260 330883
14 - 332208 335179
14 - 352779 357021
14 - 357024 359037
14 - 365834 366505
14 - 370157 371903
14 - 405637 408074
14 - 426924 427311
14 - 429835 434587
14 - 449535 452045
14 - 457478 459573
14 - 461428 462006
14 - 462219 466625
14 - 471434 473146
14 - 479218 481134
14 - 483378 485278
14 - 488445 490175
14 - 490200 491355
14 - 525656 529555
14 - 529735 531569
14 - 531730 532412
14 - 542064 544748
14 - 640161 641604
14 - 642567 643542
14 - 663774 665034
14 - 687573 690014
14 - 705926 707596
14 - 715460 715987
14 - 727381 728231
14 - 764639 765391
14 - 779297 779723
14 - 780057 781568
15 - 5476 6947
15 - 24539 27707
15 - 31722 35664
15 - 38861 40344
15 - 70257 72331
15 - 72734 73939
15 - 79323 79867
15 - 83775 85226
15 - 96776 99558
15 - 99590 101325
15 - 101488 103990
15 - 104365 106296
15 - 127959 128151
15 - 128972 131036
15 - 135929 136299
15 - 146304 147187
15 - 166935 167861
15 - 183664 185253
15 - 233703 234509
15 - 249859 251014
15 - 263725 265170
15 - 267593 267983
15 - 323368 324633
15 - 332006 333363
15 - 342672 344760
15 - 349998 354048
15 - 356172 357218
15 - 361697 364089
15 - 364308 370413
15 - 371074 371388
15 - 371597 372088
15 - 378140 380734
15 - 385759 386593
15 - 389691 391383
15 - 400137 401539
15 - 406668 408127
15 - 408128 410188
15 - 443572 444285
15 - 492962 494535
15 - 494864 497153
15 - 517281 517498
15 - 517527 519024
15 - 521282 522649
15 - 529564 531257
15 - 572910 574851
15 - 578435 579908
15 - 592854 594407
15 - 679193 680999
15 - 681430 683649
15 - 683670 685537
15 - 690717 692202
15 - 721818 722636
15 - 741768 742219
15 - 758091 759521
15 - 762504 766636
15 - 766688 770085
15 - 770654 772221
15 - 780071 781544
15 - 783030 784667
15 - 784798 786939
15 - 803562 804224
15 - 811442 812134
15 - 817040 818491
15 - 818939 820803
15 - 825344 825742
15 - 841107 842176
15 - 848496 850088
15 - 868297 874095
15 - 878423 880751
15 - 931721 935540
15 - 950118 954104
15 - 1009745 1010862
15 - 1039643 1041461
16 - 10912 11585
16 - 11797 12613
16 - 21926 22736
16 - 22768 24752
16 - 39034 40230
16 - 74133 74968
16 - 105827 108273
16 - 116635 118022
16 - 128401 132210
16 - 132491 135543
16 - 145415 147178
16 - 157682 159582
16 - 174799 176007
16 - 179260 181141
16 - 188865 191209
16 - 191335 192836
16 - 203301 207813
16 - 214118 215682
16 - 237579 239105
16 - 254377 255010
16 - 267723 271011
16 - 271182 272954
16 - 273957 274941
16 - 301358 302745
16 - 315695 317464
16 - 347530 349003
16 - 373570 375269
16 - 381925 383071
16 - 410140 411668
16 - 429835 431568
16 - 443155 444461
16 - 458814 459805
16 - 465829 467019
16 - 467309 468131
16 - 479133 480371
16 - 480379 481127
16 - 482244 486224
16 - 486342 487227
16 - 491558 491792
16 - 493063 493358
16 - 495506 497756
16 - 543888 545848
16 - 556342 558008
16 - 558230 560194
16 - 627320 631269
16 - 639065 639349
16 - 643417 645359
16 - 645968 648396
16 - 657296 659010
16 - 664767 665523
16 - 671446 673561
16 - 681036 681969
16 - 685482 685705
16 - 695767 697343
16 - 698448 700029
16 - 704853 706740
16 - 718508 719393
16 - 751971 753122
16 - 754349 758491
16 - 764065 767565
16 - 769617 770725
16 - 781904 785883
16 - 797661 802040
16 - 828199 829696
16 - 833473 834338
16 - 843161 844435
16 - 860995 864266
16 - 870430 874943
16 - 876803 878537
16 - 881034 883039
16 - 902110 906733
16 - 924123 928266
16 - 933069 933802
