chr strand start end
1 + 11271 11786
1 + 13124 13702
1 + 13728 16713
1 + 24353 24706
1 + 24815 25522
1 + 27076 28176
1 + 30018 30861
1 + 43129 44992
1 + 44999 45497
1 + 68698 69664
1 + 137746 138818
1 + 172060 172435
1 + 180398 180732
1 + 196661 197192
1 + 197273 200023
1 + 200611 202688
1 - 5237 5888
1 - 17194 17983
1 - 28987 29747
1 - 31638 34449
1 - 35026 35382
1 - 65392 65729
1 - 71124 71516
1 - 73799 74695
1 - 133553 133962
1 - 180275 180954
1 - 181497 181803
1 - 182868 183593
1 - 185981 186352
1 - 187086 188129
1 - 188789 189108
1 - 189568 190041
1 - 203579 204268
1 - 206231 206686
1 - 206724 207473
1 - 210425 210798
1 - 220233 220673
2 + 10621 13764
2 + 122000 122347
2 + 151408 153139
2 + 164473 165007
2 + 238486 238953
2 + 251289 252148
2 + 254627 254914
2 + 256922 257599
2 + 258148 258826
2 + 288253 288844
2 + 292135 292764
2 + 306247 306896
2 + 307029 307344
2 + 321342 321653
2 + 324372 325104
2 + 325785 326184
2 + 336691 337669
2 + 339653 339973
2 + 341433 342155
2 + 349751 350789
2 + 356261 356649
2 + 362763 364713
2 + 365888 367096
2 + 370384 370951
2 + 371465 373698
2 + 376607 378630
2 + 379224 380022
2 + 381461 381737
2 + 391913 392312
2 + 407391 408037
2 + 408241 408763
2 + 427121 431726
2 + 474271 477068
2 + 493069 493754
2 + 532456 533313
2 + 581938 582295
2 + 593257 595502
2 + 611316 611913
2 + 614210 616162
2 + 640337 642241
2 + 644197 645043
2 + 661974 662552
2 + 674945 675264
2 + 697849 698279
2 + 718339 718995
2 + 742766 743064
2 + 767864 768155
2 + 807257 808328
2 - 35551 35881
2 - 91326 92219
2 - 110956 111281
2 - 114850 115362
2 - 126057 127561
2 - 159872 160246
2 - 160519 160774
2 - 165319 165887
2 - 165966 166970
2 - 169345 170001
2 - 171504 172192
2 - 184474 184849
2 - 208370 208925
2 - 218233 221053
2 - 221285 221555
2 - 245839 246530
2 - 246777 248622
2 - 269734 270170
2 - 279141 280938
2 - 281281 283948
2 - 288329 289246
2 - 301354 303621
2 - 327843 328150
2 - 330106 330422
2 - 349636 350767
2 - 372980 373315
2 - 380395 381134
2 - 390120 390767
2 - 408011 409201
2 - 417018 417488
2 - 460651 460914
2 - 533834 534978
2 - 590143 591380
2 - 601268 602303
2 - 628813 629846
2 - 643761 645052
2 - 653168 653528
2 - 653687 654238
2 - 689128 689650
2 - 701884 702185
2 - 704775 705164
2 - 722283 723030
2 - 736195 736825
2 - 738783 739170
2 - 773911 774451
2 - 786206 786867
2 - 788498 792072
2 - 792143 792583
2 - 806694 806991
3 + 29541 30536
3 + 30658 31231
3 + 39640 40897
3 + 40898 41322
3 + 74617 75423
3 + 77186 78064
3 + 95586 95993
3 + 104959 105333
3 + 116350 117194
3 + 125166 127019
3 + 132256 133884
3 + 147842 148620
3 + 156208 157139
3 + 157564 158458
3 + 160622 161844
3 + 168894 169245
3 + 173922 174406
3 + 175161 175613
3 + 202713 203350
3 + 203380 205140
3 + 210409 210823
3 + 242568 244220
3 + 249608 250085
3 + 293819 294429
3 + 298644 299581
3 - 30897 31176
3 - 52754 53926
3 - 71878 72688
3 - 107953 108893
3 - 113182 114258
3 - 115093 117120
3 - 124111 125251
3 - 152204 152589
3 - 193309 193594
3 - 214044 214824
3 - 224332 226238
3 - 253064 254116
3 - 264624 264912
3 - 289747 290932
3 - 299573 300621
3 - 308245 310023
3 - 313186 313692
4 + 21720 22559
4 + 35557 36216
4 + 48344 48752
4 + 49844 51041
4 + 59126 60491
4 + 61133 61531
4 + 73534 76624
4 + 80657 83424
4 + 102394 102977
4 + 103795 104625
4 + 145788 146722
4 + 147235 147497
4 + 149392 149828
4 + 219363 219814
4 + 220927 221556
4 + 238858 239473
4 + 247728 248032
4 + 264394 264839
4 + 274117 274866
4 + 295123 295642
4 + 312675 314163
4 + 316558 316840
4 + 320200 321028
4 + 357456 359301
4 + 365516 365820
4 + 367350 368437
4 + 387162 387698
4 + 388407 388904
4 + 407477 408170
4 + 409565 409905
4 + 409947 410233
4 + 470953 471719
4 + 481961 482305
4 + 482945 483228
4 + 483515 484000
4 + 485657 486402
4 + 501453 502264
4 + 506311 507349
4 + 511973 513337
4 + 542261 544699
4 + 556685 557142
4 + 562644 563235
4 + 569177 570466
4 + 582770 583403
4 + 589721 590056
4 + 602267 602776
4 + 607063 607329
4 + 614273 615272
4 + 616056 616824
4 + 617734 618405
4 + 628804 629388
4 + 644340 644857
4 + 657774 658239
4 + 680212 680568
4 + 684906 685264
4 + 718644 719852
4 + 720488 720888
4 + 721989 724022
4 + 724072 726093
4 + 733535 734024
4 + 742095 742563
4 + 743417 743978
4 + 744250 744506
4 + 764121 764398
4 + 794447 795648
4 + 795686 796029
4 + 804807 805138
4 + 806023 806487
4 + 831780 832672
4 + 904287 905029
4 + 926737 927035
4 + 948930 949834
4 + 957917 958696
4 + 968025 969792
4 + 976477 977822
4 + 978506 978779
4 + 979509 980106
4 + 1013456 1016791
4 + 1022148 1022973
4 + 1030513 1031188
4 + 1049876 1050556
4 + 1071418 1071984
4 + 1080790 1081052
4 + 1092852 1093144
4 + 1157398 1157777
4 + 1157892 1158153
4 + 1158299 1158989
4 + 1162285 1162907
4 + 1165189 1166374
4 + 1166577 1167099
4 + 1172413 1172831
4 + 1174462 1175682
4 + 1192679 1194565
4 + 1196545 1197754
4 + 1238471 1238866
4 + 1272836 1274353
4 + 1288226 1289184
4 + 1295769 1296828
4 + 1319407 1319695
4 + 1323643 1323917
4 + 1344466 1345176
4 + 1361102 1362377
4 + 1366480 1366884
4 + 1399723 1400141
4 + 1406027 1408830
4 + 1409509 1410163
4 + 1410437 1411418
4 + 1428285 1428916
4 + 1433291 1434455
4 + 1445775 1446753
4 + 1454968 1456559
4 + 1459689 1460627
4 + 1481122 1482418
4 + 1483708 1485087
4 + 1488272 1489047
4 + 1493561 1493828
4 + 1500688 1502524
4 + 1506971 1507929
4 + 1514662 1515348
4 + 1516551 1517590
4 + 1518189 1519176
4 + 1521103 1522487
4 - 3829 4268
4 - 21775 22456
4 - 43175 43664
4 - 66067 67593
4 - 99432 100052
4 - 115473 116109
4 - 132002 132725
4 - 134413 134703
4 - 134731 135577
4 - 164416 164817
4 - 168332 168760
4 - 212685 217240
4 - 232238 233916
4 - 233984 235636
4 - 239860 242105
4 - 250808 251281
4 - 292420 292806
4 - 303042 304855
4 - 371013 372032
4 - 398589 398893
4 - 407836 408395
4 - 414112 414741
4 - 422043 422401
4 - 443693 444202
4 - 455737 456187
4 - 462738 463774
4 - 470817 471382
4 - 488907 489279
4 - 506469 507160
4 - 538871 539575
4 - 542045 542470
4 - 544832 546025
4 - 563824 564375
4 - 575046 575831
4 - 575868 576326
4 - 578553 579114
4 - 592564 593531
4 - 598484 600354
4 - 620372 621781
4 - 651786 653135
4 - 687402 687874
4 - 703361 703938
4 - 721748 722217
4 - 733011 733314
4 - 785222 785692
4 - 791952 792246
4 - 795454 795886
4 - 803027 803613
4 - 819737 820867
4 - 829033 829362
4 - 891945 892408
4 - 892778 893551
4 - 908293 909413
4 - 909908 913787
4 - 915093 915463
4 - 965316 966520
4 - 998811 999685
4 - 1008099 1008355
4 - 1018100 1019172
4 - 1102219 1103627
4 - 1130883 1131237
4 - 1139820 1140532
4 - 1145886 1146157
4 - 1155958 1158865
4 - 1174382 1174864
4 - 1182540 1183231
4 - 1183261 1183542
4 - 1191439 1191872
4 - 1234052 1236191
4 - 1259758 1260095
4 - 1260493 1261391
4 - 1274598 1275431
4 - 1279111 1279953
4 - 1291071 1292151
4 - 1311929 1312600
4 - 1337373 1338116
4 - 1338155 1339473
4 - 1340786 1342204
4 - 1353109 1353449
4 - 1411298 1412117
4 - 1451162 1452932
4 - 1469975 1470279
4 - 1479070 1479372
4 - 1480162 1480587
4 - 1493511 1493812
4 - 1514182 1514632
4 - 1514645 1514910
4 - 1515044 1516607
5 + 21399 25477
5 + 39909 41514
5 + 48743 50112
5 + 50549 52008
5 + 69043 69525
5 + 118165 118567
5 + 125090 126144
5 + 137039 138523
5 + 150263 151343
5 + 152380 153280
5 + 167067 167891
5 + 187812 188099
5 + 210477 210789
5 + 211224 212381
5 + 239585 241429
5 + 241994 242364
5 + 249027 249415
5 + 258374 259024
5 + 259868 260665
5 + 261950 262444
5 + 268778 269424
5 + 270648 271614
5 + 279865 280881
5 + 284414 287556
5 + 289255 289954
5 + 310696 311916
5 + 334594 335699
5 + 336461 337649
5 + 343932 344682
5 + 353703 354379
5 + 361836 362115
5 + 378003 378793
5 + 399434 401001
5 + 438028 438451
5 + 449999 450545
5 + 460349 460752
5 + 461056 462039
5 + 463434 463840
5 + 464235 464978
5 + 489142 489575
5 + 503064 503905
5 + 503952 504966
5 + 539755 540480
5 + 554070 557076
5 + 558747 559151
5 - 8379 9843
5 - 10436 11362
5 - 46402 47242
5 - 62634 63977
5 - 75956 77497
5 - 98365 99707
5 - 147618 148009
5 - 151067 151418
5 - 151488 151893
5 - 156053 156525
5 - 161376 162484
5 - 176048 176591
5 - 176784 177623
5 - 186889 188143
5 - 202478 204664
5 - 241934 242627
5 - 248477 249871
5 - 268365 269095
5 - 273829 277895
5 - 284410 284903
5 - 290925 291570
5 - 298081 298394
5 - 302667 303190
5 - 313833 314173
5 - 318860 319568
5 - 361955 362249
5 - 363694 364283
5 - 366505 367109
5 - 402202 402596
5 - 431780 432274
5 - 434925 435666
5 - 468586 468901
5 - 474981 475317
5 - 488062 488573
5 - 498370 498809
5 - 525956 526409
5 - 527049 527340
5 - 541958 542735
5 - 542753 544348
5 - 548724 549330
5 - 560680 560945
5 - 565690 566425
6 + 19834 20110
6 + 30375 31167
6 + 31493 32436
6 + 54825 55429
6 + 72663 73029
6 + 78682 79337
6 + 97966 98634
6 + 104083 104535
6 + 111492 112311
6 + 134876 135412
6 + 193511 193864
6 + 205901 207000
6 + 252014 252331
6 + 256434 256904
6 + 257449 258236
6 - 856 1195
6 - 8805 9258
6 - 23555 25508
6 - 26056 27917
6 - 76507 77849
6 - 95280 95736
6 - 96822 98060
6 - 111121 111776
6 - 128306 130015
6 - 158095 159130
6 - 159153 160095
6 - 194064 194326
6 - 194606 194990
6 - 196895 197312
6 - 213021 213450
6 - 241532 241878
6 - 259423 259753
6 - 262267 263702
7 + 10396 10713
7 + 27764 29770
7 + 29964 30282
7 + 63744 64355
7 + 78243 79824
7 + 89434 89903
7 + 95077 95436
7 + 121123 122110
7 + 149689 150376
7 + 150428 150840
7 + 154878 155970
7 + 166338 166665
7 + 204011 205231
7 + 205757 206180
7 + 235778 236163
7 + 253484 254042
7 + 270363 270786
7 + 276429 277352
7 + 280770 281288
7 + 309006 310190
7 + 324125 325138
7 + 342585 342988
7 + 360911 361257
7 + 363285 363888
7 + 381800 382482
7 + 422150 422858
7 + 423433 423692
7 + 427259 427664
7 + 433883 435092
7 + 497633 498116
7 + 559188 559547
7 + 582240 582511
7 + 592742 593366
7 + 605672 605981
7 + 616270 617396
7 + 620210 622304
7 + 637710 638196
7 + 660017 661546
7 + 701680 702560
7 + 729952 730858
7 + 731272 733123
7 + 752982 754412
7 + 764934 765610
7 + 778144 778964
7 + 784210 785903
7 + 793227 794137
7 + 797389 797834
7 + 811153 811427
7 + 834083 834619
7 + 845828 846351
7 + 849902 851141
7 + 858995 859712
7 + 865910 866227
7 + 883923 884484
7 + 886197 887070
7 + 890108 890847
7 + 893785 894240
7 + 899841 900117
7 + 902196 903518
7 + 937069 938266
7 + 968810 970546
7 + 974187 975069
7 + 994254 994971
7 + 1018003 1019209
7 + 1026108 1026558
7 + 1051985 1052254
7 + 1059031 1059732
7 + 1060287 1060717
7 + 1060897 1061182
7 + 1078575 1079876
7 + 1081184 1081499
7 + 1081802 1082065
7 + 1082822 1083583
7 - 11183 11506
7 - 17304 17726
7 - 18907 19244
7 - 20277 20551
7 - 21510 22088
7 - 31840 33938
7 - 33948 35090
7 - 36280 36571
7 - 48649 49243
7 - 74829 75660
7 - 94755 95063
7 - 95655 96825
7 - 97146 98590
7 - 108580 110391
7 - 130099 131318
7 - 159067 159718
7 - 196878 197953
7 - 210460 213776
7 - 225891 226492
7 - 255413 255802
7 - 255872 257286
7 - 270974 271464
7 - 272370 273145
7 - 288831 289408
7 - 292828 293304
7 - 311956 313068
7 - 320503 320866
7 - 323393 324383
7 - 325479 325815
7 - 354400 355587
7 - 383569 384475
7 - 393157 393684
7 - 397907 398647
7 - 402593 403066
7 - 403291 403776
7 - 403878 404450
7 - 412746 413062
7 - 421500 422122
7 - 423285 424405
7 - 483164 484436
7 - 511605 512913
7 - 512970 513514
7 - 522868 523444
7 - 534986 535809
7 - 543322 544565
7 - 560308 561389
7 - 574872 575156
7 - 575687 576584
7 - 576764 579392
7 - 590984 591830
7 - 609184 609653
7 - 610906 611175
7 - 653517 654534
7 - 660267 661213
7 - 672085 672408
7 - 677590 678487
7 - 689275 689883
7 - 701095 702632
7 - 707711 708560
7 - 713087 715359
7 - 715407 715677
7 - 718538 719264
7 - 733246 733539
7 - 741721 742092
7 - 766073 766805
7 - 795723 796402
7 - 800370 801801
7 - 810556 811484
7 - 839396 839738
7 - 839809 840379
7 - 879323 879943
7 - 897736 899783
7 - 904906 905461
7 - 920193 920508
7 - 931339 932056
7 - 942617 944901
7 - 951488 951814
7 - 999621 1000397
7 - 1000429 1000786
7 - 1023676 1024753
7 - 1066086 1066993
8 + 11124 11527
8 + 53334 54192
8 + 59113 59383
8 + 62968 64255
8 + 94628 94939
8 + 98333 98831
8 + 115585 115960
8 + 121916 122426
8 + 146657 147822
8 + 150927 151460
8 + 164953 167167
8 + 168079 168606
8 + 170677 171175
8 + 189361 190313
8 + 201605 204104
8 + 221416 222730
8 + 222864 224238
8 + 250527 250946
8 + 258890 259869
8 + 266803 267137
8 + 286659 286997
8 + 293843 296463
8 + 314159 314734
8 + 314763 315709
8 + 340974 341607
8 + 364380 365039
8 + 368076 368562
8 + 373525 373882
8 + 375191 375498
8 + 378184 380536
8 + 422527 422852
8 + 429409 429796
8 + 458035 459061
8 + 465987 466786
8 + 496905 497591
8 + 501529 502052
8 + 516652 517265
8 + 522159 522579
8 + 529361 529613
8 + 529923 530458
8 - 14528 15969
8 - 26240 26550
8 - 50154 50588
8 - 56499 58891
8 - 105122 105453
8 - 127886 129344
8 - 131748 132909
8 - 147294 147549
8 - 181046 181721
8 - 201786 204298
8 - 237067 237626
8 - 238125 238818
8 - 241842 242350
8 - 249805 250610
8 - 250632 251373
8 - 255948 256320
8 - 271840 272443
8 - 272580 273224
8 - 280162 280561
8 - 280826 281245
8 - 289317 290068
8 - 317513 319837
8 - 336320 337855
8 - 349322 349611
8 - 354057 354773
8 - 356162 358186
8 - 383355 384952
8 - 385009 386533
8 - 386576 387000
8 - 401363 402042
8 - 455056 455428
8 - 455700 456038
8 - 456050 458501
8 - 460947 461460
8 - 463827 465581
8 - 470288 470629
8 - 490042 490485
8 - 507807 508315
8 - 508378 509099
8 - 516862 517295
8 - 518811 520511
8 - 530720 531717
9 + 22547 22933
9 + 23341 28535
9 + 30916 32987
9 + 34853 37296
9 + 40396 41501
9 + 54000 54252
9 + 74121 74750
9 + 75196 75460
9 + 76268 77388
9 + 92697 93479
9 + 99332 99740
9 + 136489 137083
9 + 139050 139494
9 + 146871 147201
9 + 165097 165908
9 + 173225 173699
9 + 196380 196653
9 + 196985 197261
9 + 199672 199990
9 + 202195 202917
9 + 203632 205032
9 + 208965 209672
9 + 215528 215786
9 + 220898 221492
9 + 222828 226533
9 + 229730 230160
9 + 243698 244062
9 + 247493 247807
9 + 257853 258237
9 + 283062 284759
9 + 289292 290172
9 + 290205 292245
9 + 304303 306730
9 + 314198 314536
9 + 331770 332594
9 + 348219 348632
9 + 356726 357431
9 + 380270 380533
9 + 385988 388451
9 + 406577 408347
9 + 412308 412691
9 + 419721 420671
9 + 420940 421867
9 + 436156 436853
9 - 19566 20922
9 - 32656 32975
9 - 56505 57185
9 - 92957 93491
9 - 97106 97376
9 - 97526 98016
9 - 114760 115541
9 - 115787 116430
9 - 125890 127044
9 - 127139 127465
9 - 132061 135309
9 - 135686 135977
9 - 154201 155931
9 - 195273 196336
9 - 205729 206578
9 - 241936 242524
9 - 260207 260777
9 - 261065 261509
9 - 277654 278094
9 - 333788 334409
9 - 336499 338046
9 - 346858 347144
9 - 381419 381789
9 - 385079 385341
9 - 398409 399596
9 - 408592 410265
9 - 427504 429319
10 + 30166 31159
10 + 31492 31749
10 + 50014 50698
10 + 58152 58871
10 + 59297 59630
10 + 67813 69205
10 + 76818 79545
10 + 87563 87940
10 + 96656 96912
10 + 101090 101911
10 + 109766 110207
10 + 111547 112256
10 + 112659 113253
10 + 123789 126473
10 + 128122 128890
10 + 136741 137065
10 + 141693 142201
10 + 142369 142643
10 + 142732 142994
10 + 152423 153299
10 + 155249 155988
10 + 172741 173504
10 + 177759 178112
10 + 180497 180977
10 + 181442 182295
10 + 278299 278611
10 + 289734 291052
10 + 310354 310899
10 + 327448 328129
10 + 329772 330237
10 + 348246 348669
10 + 375114 375802
10 + 380612 381115
10 + 388496 388797
10 + 395861 396233
10 + 455361 455776
10 + 457919 458627
10 + 467193 467868
10 + 471757 472289
10 + 569086 569446
10 + 643604 644043
10 + 659037 659594
10 + 665726 666483
10 + 678903 679797
10 + 724140 724826
10 + 740099 740531
10 + 741530 742267
10 - 30142 30725
10 - 79533 79973
10 - 96741 97562
10 - 116317 117718
10 - 143599 144014
10 - 144130 144919
10 - 160654 161200
10 - 161223 161557
10 - 161940 162847
10 - 195512 196013
10 - 224419 227097
10 - 237062 238080
10 - 238152 239212
10 - 247224 247616
10 - 279409 279895
10 - 316945 317450
10 - 319200 319791
10 - 322121 323149
10 - 324933 325242
10 - 333532 334020
10 - 339402 342265
10 - 356108 357792
10 - 360114 361095
10 - 375931 376983
10 - 403725 405131
10 - 417026 417295
10 - 460947 461590
10 - 472093 472487
10 - 524150 524544
10 - 534737 535755
10 - 539431 540504
10 - 543564 543889
10 - 551383 551772
10 - 598708 598987
10 - 605938 607430
10 - 609486 610263
10 - 610856 612064
10 - 619905 620175
10 - 620652 621129
10 - 624929 625283
10 - 626875 628782
10 - 640799 641615
10 - 649449 649917
10 - 649997 650466
10 - 703390 705296
10 - 718580 719244
10 - 721682 724353
10 - 724426 725374
11 + 8126 8867
11 + 17624 18243
11 + 18556 21224
11 + 24296 24933
11 + 66481 67777
11 + 69603 70358
11 + 73957 74520
11 + 88828 89237
11 + 89403 92831
11 + 93577 93867
11 + 136874 138010
11 + 151205 152948
11 + 162881 163403
11 + 175775 176547
11 + 189371 189762
11 + 195121 195776
11 + 196040 196827
11 + 200373 202377
11 + 229922 230309
11 + 230797 231377
11 + 259970 260315
11 + 303640 303933
11 + 303989 304623
11 + 335693 335966
11 + 339602 340142
11 + 355441 355709
11 + 389522 390139
11 + 419937 420686
11 + 427458 428333
11 + 430420 431205
11 + 446534 447390
11 + 454600 456153
11 + 456177 456780
11 + 461242 462512
11 + 465957 468323
11 + 468360 468903
11 + 489527 489806
11 + 533354 535310
11 + 535467 536046
11 + 560975 561977
11 + 578131 578537
11 + 586663 587019
11 + 589323 589814
11 + 602913 603433
11 + 605494 605749
11 + 614151 614890
11 + 618617 618961
11 + 642590 644336
11 + 658336 658654
11 + 659041 659516
11 + 659632 660194
11 + 663595 664022
11 + 664480 664855
11 - 5969 7875
11 - 14590 14851
11 - 16305 16689
11 - 21086 24204
11 - 24237 24886
11 - 91725 92606
11 - 137204 137644
11 - 145631 146147
11 - 157612 158322
11 - 203522 204864
11 - 209940 210605
11 - 229694 230447
11 - 231455 233411
11 - 235567 236664
11 - 257746 258280
11 - 259319 260285
11 - 260824 261434
11 - 263905 265783
11 - 270395 272894
11 - 303207 306808
11 - 306968 307643
11 - 307930 308344
11 - 308660 309221
11 - 314971 315584
11 - 319974 320295
11 - 323567 323978
11 - 329815 330329
11 - 353002 353362
11 - 354688 355701
11 - 363888 364897
11 - 368674 369306
11 - 384532 384920
11 - 387422 387829
11 - 434978 435309
11 - 462627 463209
11 - 463305 464663
11 - 513131 514112
11 - 516692 517150
11 - 580957 581434
11 - 581713 582188
11 - 582477 584297
11 - 608529 610919
11 - 613869 614311
11 - 625923 626176
11 - 630726 631973
11 - 638069 638359
11 - 649422 649994
11 - 661292 662005
12 + 16189 16450
12 + 22601 23064
12 + 25684 27314
12 + 28757 29059
12 + 67126 67658
12 + 111780 112081
12 + 130490 130857
12 + 151099 152119
12 + 152136 152820
12 + 188311 188703
12 + 193431 194263
12 + 201675 201927
12 + 211800 212440
12 + 220996 221724
12 + 223865 224685
12 + 224873 225221
12 + 228319 228815
12 + 229860 231252
12 + 234575 235530
12 + 244425 244977
12 + 245529 246307
12 + 274100 275221
12 + 281325 281708
12 + 300714 301827
12 + 307347 307722
12 + 339757 340518
12 + 373351 374012
12 + 390698 391225
12 + 395782 396758
12 + 403604 404472
12 + 407764 408210
12 + 415733 416495
12 + 441763 442286
12 + 445042 445308
12 + 449737 450525
12 + 460076 460603
12 + 490878 492722
12 + 498179 498743
12 + 514048 514961
12 + 540660 541785
12 + 542151 543577
12 + 553625 553930
12 + 553946 554274
12 + 567074 568322
12 + 591345 591737
12 + 605702 606631
12 + 608464 608880
12 + 626518 626899
12 + 645350 645708
12 + 657110 658056
12 + 674101 674876
12 + 675702 676305
12 + 709834 710145
12 + 710842 711275
12 + 721923 722426
12 + 793199 793772
12 + 848936 849615
12 + 873723 875367
12 + 909637 910985
12 + 911647 912135
12 + 954262 954657
12 + 1010860 1011374
12 + 1042189 1043045
12 - 18074 19708
12 - 19993 20261
12 - 20325 20637
12 - 49017 49677
12 - 84518 86089
12 - 93956 94278
12 - 94645 95176
12 - 112197 114335
12 - 146077 146451
12 - 203114 204757
12 - 230646 231228
12 - 264128 264618
12 - 290014 291716
12 - 322115 325344
12 - 365770 366189
12 - 391908 392495
12 - 392813 393273
12 - 414204 415657
12 - 417799 418071
12 - 423615 423961
12 - 449201 449580
12 - 494039 494329
12 - 498164 498718
12 - 553911 554233
12 - 568088 568544
12 - 603348 604076
12 - 609757 610829
12 - 612206 612842
12 - 619094 619783
12 - 641174 642592
12 - 647237 648648
12 - 649214 650865
12 - 657076 657931
12 - 660331 661313
12 - 665216 665609
12 - 678010 679993
12 - 682379 682648
12 - 707364 707749
12 - 724046 724431
12 - 728196 728714
12 - 786473 787464
12 - 806892 809185
12 - 815758 818469
12 - 831356 832085
12 - 832362 833683
12 - 854746 855340
12 - 898146 898848
12 - 928251 928611
12 - 928750 929509
12 - 932494 933573
12 - 939783 940960
12 - 947245 947573
12 - 948987 950215
12 - 952416 953087
12 - 963133 964270
12 - 981657 982626
12 - 1030003 1030697
12 - 1033965 1035871
12 - 1052261 1053176
12 - 1054925 1055375
13 + 13423 14356
13 + 20747 21623
13 + 24252 24715
13 + 25064 25666
13 + 25829 26686
13 + 32017 32290
13 + 55729 56387
13 + 94416 95580
13 + 119376 120177
13 + 121513 123137
13 + 127734 128286
13 + 132162 132922
13 + 139471 139920
13 + 139958 141691
13 + 165511 168403
13 + 227005 228591
13 + 241986 242447
13 + 258300 258614
13 + 262784 263303
13 + 283056 283471
13 + 290013 290678
13 + 302791 303769
13 + 309120 309375
13 + 317155 318226
13 + 320576 321093
13 + 324186 324787
13 + 343691 344111
13 + 347137 348535
13 + 371205 371978
13 + 386692 387287
13 + 396024 396762
13 + 405684 406103
13 + 422345 423643
13 + 423650 424708
13 + 429880 431560
13 + 443585 444614
13 + 445030 445409
13 + 462789 463391
13 + 475863 476143
13 + 480851 481386
13 + 493644 493901
13 + 494559 494810
13 + 501267 501552
13 + 502096 503549
13 + 507763 508067
13 + 508170 509606
13 + 522179 523006
13 + 556669 557418
13 + 570836 571245
13 + 592910 593279
13 + 598086 599532
13 + 601353 602031
13 + 622548 623190
13 + 623407 625389
13 + 653225 653876
13 + 675165 675602
13 + 720876 722369
13 + 731710 732173
13 + 763317 764278
13 + 775952 776810
13 + 784451 785056
13 + 796855 797335
13 + 806841 807857
13 + 809066 809542
13 + 827780 830710
13 + 836914 837715
13 + 851903 852522
13 + 861450 861821
13 + 869581 870054
13 + 872959 873995
13 + 874107 874475
13 + 906261 906957
13 + 910803 912054
13 + 912369 915017
13 - 8977 9401
13 - 31543 32019
13 - 45879 46633
13 - 68533 69293
13 - 110938 111737
13 - 119117 119724
13 - 169870 170664
13 - 171532 173499
13 - 219115 220744
13 - 220816 221973
13 - 233215 233741
13 - 258687 258984
13 - 259310 260102
13 - 265513 267500
13 - 275576 276712
13 - 283461 283838
13 - 286499 286848
13 - 311395 311768
13 - 311793 312046
13 - 341109 341449
13 - 352455 353126
13 - 389224 390766
13 - 397031 397377
13 - 399607 400119
13 - 409671 410003
13 - 433094 434283
13 - 439015 439838
13 - 440334 441310
13 - 481253 481557
13 - 481883 482712
13 - 511896 513378
13 - 531798 532277
13 - 536051 537232
13 - 540319 540778
13 - 558704 558990
13 - 564348 565171
13 - 575839 576733
13 - 576783 577506
13 - 606066 606425
13 - 610453 611010
13 - 611393 611648
13 - 618355 619593
13 - 654389 654769
13 - 655109 656028
13 - 656339 657984
13 - 661490 662111
13 - 667670 668169
13 - 676052 676932
13 - 687543 688856
13 - 731437 732099
13 - 768824 770516
13 - 772777 773604
13 - 798005 798398
13 - 800818 801480
13 - 808459 808717
13 - 832442 832958
13 - 847806 848471
13 - 851755 852151
13 - 854525 854952
13 - 881279 881735
13 - 882009 883456
13 - 902929 904455
13 - 916807 917365
14 + 16388 17821
14 + 64712 65533
14 + 104257 104756
14 + 106866 107287
14 + 160615 161627
14 + 168014 169834
14 + 174910 175279
14 + 179960 181105
14 + 197525 197788
14 + 260487 260877
14 + 263720 264305
14 + 270146 270954
14 + 271875 274242
14 + 318182 318554
14 + 318618 319126
14 + 319179 319919
14 + 337944 339297
14 + 345721 346214
14 + 354424 355505
14 + 372466 374323
14 + 440728 441308
14 + 444793 447047
14 + 500894 501207
14 + 535211 535951
14 + 546156 546783
14 + 561388 561817
14 + 587422 588454
14 + 597740 598347
14 + 599183 600287
14 + 600455 601004
14 + 601080 601790
14 + 624956 625363
14 + 629058 629533
14 + 632767 634073
14 + 662285 662635
14 + 692124 692445
14 + 724419 726021
14 + 727573 729067
14 + 729691 729950
14 + 731185 733339
14 + 739325 739664
14 + 742296 742590
14 + 743789 746431
14 + 755224 756771
14 + 757584 758413
14 + 759587 760799
14 + 763469 763882
14 + 770319 771649
14 - 10711 11176
14 - 32872 33203
14 - 64998 66251
14 - 107636 108217
14 - 110701 112904
14 - 124806 125825
14 - 126103 126712
14 - 200431 200866
14 - 201342 201973
14 - 204902 206790
14 - 241433 242253
14 - 242273 244256
14 - 275282 275656
14 - 288787 289182
14 - 297768 298111
14 - 301235 302290
14 - 330529 331353
14 - 335169 337790
14 - 339729 340149
14 - 348732 348985
14 - 355619 356210
14 - 383082 383530
14 - 392826 393566
14 - 405952 408068
14 - 450891 451513
14 - 462185 463022
14 - 463310 463795
14 - 463861 465392
14 - 465522 466657
14 - 479487 480173
14 - 480558 480945
14 - 481630 483140
14 - 488372 488653
14 - 490198 491245
14 - 493234 493596
14 - 501203 502846
14 - 525018 525523
14 - 525541 525841
14 - 530203 530978
14 - 531323 532566
14 - 542880 543182
14 - 547238 549256
14 - 570459 571665
14 - 571964 572501
14 - 572568 573045
14 - 604935 605777
14 - 609619 611307
14 - 614563 615757
14 - 635854 636810
14 - 642863 643578
14 - 652440 653203
14 - 662095 662446
14 - 691892 692269
14 - 706751 707558
14 - 726917 727234
14 - 735852 736942
14 - 740188 742229
14 - 746462 746755
14 - 763202 764002
14 - 764751 769445
14 - 771484 772598
14 - 772650 772901
14 - 772977 774507
15 + 3207 4031
15 + 14858 15263
15 + 15691 16879
15 + 17984 18683
15 + 21145 22508
15 + 28316 28674
15 + 33344 34329
15 + 35967 39646
15 + 47927 48268
15 + 48361 48733
15 + 69597 70024
15 + 78933 79483
15 + 81602 81869
15 + 90221 91803
15 + 189700 190208
15 + 200840 201111
15 + 225493 226201
15 + 227638 228030
15 + 232962 233677
15 + 241558 242798
15 + 253696 254000
15 + 281651 282072
15 + 311778 312644
15 + 315270 316176
15 + 322209 323023
15 + 335813 337476
15 + 338089 338610
15 + 346418 347013
15 + 348319 348999
15 + 373962 374419
15 + 418052 418682
15 + 422381 424799
15 + 435926 436496
15 + 437522 438495
15 + 458135 459697
15 + 476960 479266
15 + 491123 492941
15 + 504724 505502
15 + 506934 507699
15 + 550005 550265
15 + 559687 560282
15 + 571000 571886
15 + 589295 589733
15 + 611290 611622
15 + 617171 618247
15 + 639184 640926
15 + 667843 670446
15 + 672610 673492
15 + 673822 674095
15 + 682367 683100
15 + 701570 703952
15 + 744436 745497
15 + 825527 825790
15 + 844962 845571
15 + 958410 958697
15 + 967211 967765
15 + 968361 968688
15 + 968746 970328
15 + 978425 980047
15 + 994997 996932
15 + 1018989 1019915
15 + 1031652 1032348
15 + 1057981 1058432
15 + 1069591 1070403
15 - 2081 3817
15 - 4135 5377
15 - 5381 7836
15 - 8904 9847
15 - 16079 16596
15 - 24591 25490
15 - 34422 35536
15 - 38869 40344
15 - 40791 43401
15 - 71388 72313
15 - 73075 73957
15 - 83763 84035
15 - 84102 84399
15 - 84439 85191
15 - 97089 97440
15 - 99799 101331
15 - 128015 128319
15 - 145415 145806
15 - 167699 168419
15 - 169969 170824
15 - 219022 220563
15 - 299920 300403
15 - 324675 325063
15 - 326095 326453
15 - 331188 333403
15 - 347117 348141
15 - 350656 352536
15 - 356080 357227
15 - 367011 368132
15 - 368175 369038
15 - 369176 369482
15 - 369664 370264
15 - 379875 380732
15 - 383183 383508
15 - 386048 386497
15 - 400341 401662
15 - 437003 438108
15 - 446911 447185
15 - 447263 448377
15 - 448873 449242
15 - 461520 461790
15 - 475537 475869
15 - 494436 494702
15 - 511477 511916
15 - 517695 518031
15 - 521267 522626
15 - 577777 578077
15 - 578503 579776
15 - 642349 642625
15 - 657540 658207
15 - 662017 662368
15 - 662390 662785
15 - 690168 692226
15 - 721975 722587
15 - 762411 762850
15 - 770706 772229
15 - 780808 781555
15 - 804332 804855
15 - 837598 838198
15 - 848905 850122
15 - 869191 869516
15 - 881019 882090
15 - 903325 903696
15 - 908472 911749
15 - 969099 970071
15 - 976581 976964
15 - 980938 981495
15 - 982371 983676
15 - 988888 989467
15 - 990042 991522
15 - 1007373 1007985
15 - 1025976 1026252
15 - 1038051 1039395
15 - 1039701 1040021
15 - 1043400 1044022
15 - 1044749 1046029
15 - 1054481 1055136
15 - 1059439 1059950
15 - 1070645 1070929
15 - 1074181 1074437
15 - 1074525 1074849
16 + 21952 22857
16 + 43215 43955
16 + 52905 53501
16 + 55584 55868
16 + 71411 71844
16 + 75058 75492
16 + 76692 79252
16 + 79332 82598
16 + 84467 85376
16 + 95430 96668
16 + 98923 99307
16 + 128244 129731
16 + 169628 169986
16 + 188123 188707
16 + 198015 198893
16 + 210882 211181
16 + 215378 216034
16 + 242995 244364
16 + 253685 254563
16 + 259665 260826
16 + 283616 285633
16 + 286595 287363
16 + 341118 342041
16 + 345049 345934
16 + 345977 346703
16 + 346863 347418
16 + 352596 352944
16 + 363759 364355
16 + 368733 369631
16 + 379559 381209
16 + 443073 443469
16 + 443491 443853
16 + 443899 444388
16 + 451224 451957
16 + 453360 454230
16 + 454290 454559
16 + 454827 455365
16 + 482156 482737
16 + 492831 493087
16 + 520586 520975
16 + 526399 527223
16 + 544008 544428
16 + 562897 563554
16 + 565315 566831
16 + 567274 567881
16 + 568015 569126
16 + 581515 581951
16 + 583349 584106
16 + 586433 588853
16 + 607526 608917
16 + 620153 621905
16 + 680814 681074
16 + 683965 684367
16 + 697502 698486
16 + 728968 729427
16 + 781110 781464
16 + 781539 781803
16 + 812511 813132
16 + 825399 825857
16 + 828424 829273
16 + 840149 840787
16 + 866985 867521
16 + 876993 877597
16 + 882367 883078
16 + 891520 892011
16 + 924136 928548
16 + 928941 930892
16 + 937256 938115
16 + 938527 939059
16 - 17327 18027
16 - 19310 21957
16 - 23721 24674
16 - 36989 37814
16 - 40724 41271
16 - 41885 42160
16 - 46727 47227
16 - 62663 63035
16 - 63436 63697
16 - 114316 115696
16 - 129470 129793
16 - 143472 143834
16 - 144087 145276
16 - 145322 146912
16 - 175036 175819
16 - 214358 215651
16 - 218760 219214
16 - 296945 297283
16 - 338924 339265
16 - 340098 340655
16 - 393310 393843
16 - 394989 395974
16 - 411313 411600
16 - 426120 426612
16 - 443101 444375
16 - 455773 456625
16 - 458976 459858
16 - 482439 482752
16 - 485509 486114
16 - 518164 518441
16 - 527398 528631
16 - 552430 553171
16 - 556304 557683
16 - 588700 589065
16 - 607532 608286
16 - 614684 615185
16 - 615702 616123
16 - 619640 619960
16 - 627613 629220
16 - 643761 644974
16 - 658023 659005
16 - 671781 672879
16 - 678518 679044
16 - 681219 681829
16 - 690842 691553
16 - 769698 770709
16 - 776244 776709
16 - 780309 781811
16 - 784100 784777
16 - 784800 785360
16 - 786647 787697
16 - 790035 790766
16 - 797846 799053
16 - 799732 800370
16 - 801458 801876
16 - 828350 829556
16 - 829846 830472
16 - 881211 882296
16 - 883331 883617
16 - 885561 886140
16 - 900104 900431
16 - 930061 931572
16 - 935860 937878
16 - 939838 941203
